Ejercicios de AutoEvaluacion    Ejercicios de AutoEvaluacion	Ejercicios de Autoevaluacion	Ejercicios de Autoevaluacion	Ejercicios de Autoevaluacion	Ejercicios de Autoevaluacion	Ejercicios de Autoevaluacion	Ejercicios de Autoevaluacion	Ejercicios de Autoevaluacion	Ejercicios de Autoevaluacion	Ejercicios de Autoevaluacion	Ejercicios de Autoevaluacion
3.1				4.1				5.1				6.1				7.1				8.1				9.1				10.1				11.1				12.1				13.1				14.1
3.2				4.2				5.2				6.2				7.2				8.2				9.2				10.2				11.2				12.2				13.2				Ejercicios
3.3				4.3				5.3				6.3				7.3				8.3				9.3				10.3				11.3				12.3				13.3				14.2
3.4				4.4				5.4				6.4				7.4				8.4				Ejercicios			10.4				11.4				12.4				Ejercicios			14.3
3.5				Ejercicios			5.5				6.5				7.5				Ejercicios		        9.4				Ejercicios			Ejercicio			12.5				13.4				14.4
3.6				4.5				5.6				Ejercicios			7.6			        8.5				9.5				10.5				11.5			        Ejercicios			13.5				14.5
3.7				4.6				5.7				6.6				Ejercicios			8.6				9.6				10.6				11.6				12.6				13.6				14.6
3.8				4.7				Ejercicios			6.7				7.7				8.7				9.7				10.7				11.7				12.7				13.7				14.7
3.9				4.8				5.8				6.8				7.8				8.8				9.8				10.8				11.8				12.8				13.8				14.8
3.10				4.9				5.9				6.9				7.9				8.9				9.9				10.9				11.9				12.9				13.9				14.9
Ejercicios			4.10				5.10				6.10				7.10				8.10				9.10				10.10				11.10				12.10				13.10				
3.11				4.11				5.11				6.11				7.11				8.11				9.11				10.11				11.11				12.11								
3.12				4.12				5.12				6.12				7.12				8.12				9.12				10.12				11.12				12.12								
3.13				4.13				5.13				6.13				7.13				8.13				9.13				10.13				11.13				12.13								
3.14				4.14				5.14				6.14				7.14				8.14				9.14				10.14				11.14				12.14								
3.15				4.15				5.15				6.15				7.15				8.15				9.15				10.15				11.15				12.15								
3.16				4.16				5.16				6.16				7.16				8.16				9.16				10.16				11.16				12.16								
3.17				4.17				5.17				6.17				7.17				8.17				9.17				10.17				11.17				12.17								
3.18				4.18				5.18				6.18				7.18				8.18				9.18				10.18								12.18								
3.19				4.19				5.19				6.19				7.19				8.19				9.19				10.19								12.19								
3.20				4.20				5.20				6.20				7.20				8.20				9.20				10.20								12.20								
3.21				4.21				5.21				6.21				7.21				8.21																12.21								
3.22				4.22				5.22				6.22				7.22				8.22																12.22								
3.23				4.23				5.23				6.23				7.23				8.23																12.23								
3.24				4.24				5.24				6.24				7.24				8.24																12.24								
3.25				4.25				5.25				6.25				7.25				8.25																12.25								
3.26				4.26				5.26				6.26				7.26				8.26																12.26								
3.27				4.27				5.27				6.27				7.27				8.27																12.27								
3.28				4.28				5.28				6.28				7.28				8.28																12.28								
3.29				4.29				5.29				6.29				7.29				8.29																12.29								
3.30				4.30				5.30				6.30				7.30				8.30																12.30								
3.31				4.31				5.31				6.31								8.31																								
3.32				4.32				5.32				6.32								8.32																								
3.33				4.33				5.33				6.33								8.33																								
3.34				4.34				5.34				6.34								8.34																								
3.35				4.35				5.35				6.35								8.35																								
3.36				4.36				5.36				6.36								8.36																								
3.37				4.37				5.37				6.37								8.37																								
3.38				4.38				5.38				6.38								8.38																								
3.39				4.39				5.39				6.39								8.39																								
3.40								5.40												8.40																								
3.41								5.41												8.41																								
3.42								5.42												8.42																								
3.43								5.43																																				
3.44								5.44																																				
3.45								5.45																																				
3.46								5.46																																				
								5.47																																				
								5.48																																				
								5.49																																				
								5.50																																				
								5.51																																				
